65 0
52 1
65 2
89 3
65 4
65 5
65 6
38 7
65 8
65 9
65 10
65 11
65 12
65 13
6 14
65 15
65 16
65 17
65 18
65 19
55 20
41 21
65 22
65 23
74 24
65 25
65 26
65 27
65 28
17 29
65 30
65 31
65 32
65 33
4 34
65 35
18 36
65 37
81 38
65 39
65 40
65 41
65 42
65 43
65 44
65 45
39 46
65 47
38 48
65 49
65 50
27 51
65 52
65 53
75 54
8 55
65 56
65 57
65 58
65 59
65 60
63 61
65 62
65 63
65 64
65 65
52 66
65 67
65 68
40 69
65 70
65 71
65 72
38 73
65 74
65 75
8 76
65 77
65 78
65 79
65 80
65 81
62 82
4 83
65 84
65 85
65 86
15 87
65 88
65 89
65 90
34 91
65 92
65 93
65 94
65 95
65 96
65 97
65 98
27 99
35 100
65 101
65 102
72 103
65 104
8 105
31 106
69 107
65 108
89 109
65 110
65 111
65 112
65 113
69 114
65 115
65 116
65 117
65 118
65 119
65 120
65 121
27 122
65 123
65 124
65 125
65 126
75 127
7 128
61 129
65 130
40 131
88 132
65 133
65 134
65 135
65 136
3 137
65 138
79 139
51 140
62 141
65 142
2 143
65 144
65 145
65 146
65 147
65 148
65 149
65 150
31 151
48 152
65 153
65 154
52 155
65 156
65 157
65 158
65 159
65 160
65 161
65 162
67 163
65 164
65 165
65 166
65 167
20 168
65 169
35 170
75 171
65 172
65 173
89 174
65 175
65 176
65 177
65 178
26 179
65 180
38 181
65 182
27 183
65 184
65 185
65 186
56 187
65 188
65 189
65 190
65 191
65 192
65 193
65 194
65 195
65 196
65 197
65 198
65 199
65 200
44 201
65 202
65 203
65 204
65 205
52 206
65 207
27 208
65 209
65 210
65 211
75 212
65 213
8 214
65 215
65 216
65 217
41 218
48 219
65 220
65 221
65 222
65 223
96 224
65 225
65 226
65 227
51 228
89 229
47 230
68 231
32 232
65 233
31 234
65 235
65 236
65 237
65 238
65 239
20 240
81 241
65 242
65 243
65 244
65 245
65 246
89 247
65 248
65 249
65 250
65 251
96 252
65 253
65 254
65 255
65 256
65 257
65 258
65 259
65 260
65 261
65 262
65 263
65 264
65 265
65 266
65 267
89 268
65 269
20 270
65 271
65 272
65 273
65 274
65 275
65 276
65 277
65 278
65 279
65 280
65 281
80 282
65 283
89 284
65 285
65 286
65 287
65 288
65 289
12 290
65 291
34 292
83 293
52 294
75 295
65 296
65 297
65 298
22 299
65 300
65 301
65 302
65 303
65 304
65 305
11 306
65 307
65 308
65 309
65 310
11 311
65 312
65 313
65 314
65 315
65 316
65 317
63 318
45 319
65 320
65 321
65 322
89 323
65 324
65 325
65 326
61 327
65 328
65 329
65 330
65 331
59 332
65 333
65 334
65 335
65 336
67 337
65 338
37 339
52 340
65 341
65 342
65 343
65 344
65 345
65 346
65 347
65 348
65 349
65 350
65 351
65 352
65 353
65 354
65 355
65 356
89 357
77 358
65 359
65 360
65 361
65 362
65 363
52 364
65 365
65 366
65 367
47 368
65 369
65 370
8 371
31 372
65 373
65 374
65 375
65 376
65 377
65 378
65 379
65 380
65 381
65 382
65 383
65 384
65 385
65 386
65 387
65 388
65 389
65 390
4 391
65 392
65 393
27 394
65 395
65 396
65 397
61 398
65 399
63 400
65 401
65 402
65 403
13 404
6 405
65 406
65 407
65 408
65 409
65 410
65 411
65 412
65 413
65 414
65 415
31 416
65 417
65 418
65 419
65 420
65 421
93 422
61 423
1 424
65 425
65 426
65 427
65 428
64 429
65 430
65 431
65 432
74 433
65 434
65 435
65 436
65 437
65 438
65 439
65 440
15 441
65 442
65 443
65 444
65 445
65 446
65 447
51 448
65 449
65 450
69 451
8 452
65 453
65 454
65 455
65 456
65 457
65 458
65 459
65 460
65 461
65 462
65 463
65 464
84 465
65 466
65 467
65 468
65 469
65 470
65 471
65 472
65 473
88 474
85 475
65 476
65 477
65 478
65 479
65 480
79 481
41 482
65 483
65 484
41 485
65 486
69 487
65 488
65 489
65 490
65 491
34 492
65 493
65 494
89 495
28 496
52 497
27 498
13 499
65 500
75 501
95 502
8 503
65 504
65 505
65 506
52 507
78 508
65 509
65 510
92 511
65 512
65 513
65 514
31 515
65 516
48 517
65 518
65 519
65 520
65 521
65 522
65 523
65 524
14 525
81 526
65 527
73 528
65 529
65 530
65 531
65 532
11 533
65 534
65 535
65 536
8 537
65 538
65 539
65 540
78 541
65 542
65 543
65 544
65 545
65 546
65 547
58 548
65 549
65 550
65 551
65 552
65 553
65 554
65 555
87 556
65 557
65 558
8 559
75 560
65 561
65 562
62 563
65 564
65 565
65 566
65 567
65 568
65 569
65 570
65 571
65 572
65 573
65 574
15 575
65 576
65 577
65 578
65 579
65 580
65 581
65 582
86 583
31 584
65 585
65 586
65 587
52 588
65 589
65 590
96 591
65 592
46 593
62 594
65 595
65 596
48 597
65 598
65 599
65 600
51 601
65 602
65 603
35 604
65 605
65 606
48 607
27 608
65 609
65 610
65 611
65 612
65 613
65 614
65 615
65 616
65 617
31 618
75 619
65 620
65 621
12 622
65 623
65 624
65 625
65 626
5 627
65 628
65 629
66 630
65 631
65 632
42 633
61 634
65 635
65 636
26 637
65 638
65 639
79 640
65 641
65 642
65 643
65 644
65 645
52 646
65 647
65 648
65 649
65 650
52 651
65 652
65 653
65 654
65 655
75 656
65 657
65 658
65 659
65 660
65 661
1 662
65 663
65 664
65 665
65 666
82 667
65 668
65 669
63 670
65 671
65 672
42 673
65 674
55 675
14 676
65 677
65 678
65 679
65 680
65 681
65 682
65 683
51 684
48 685
77 686
65 687
20 688
65 689
65 690
65 691
65 692
65 693
65 694
25 695
65 696
92 697
65 698
65 699
65 700
65 701
89 702
65 703
65 704
65 705
95 706
48 707
65 708
65 709
94 710
65 711
76 712
65 713
65 714
65 715
65 716
95 717
65 718
65 719
12 720
65 721
65 722
65 723
65 724
65 725
65 726
65 727
65 728
65 729
65 730
65 731
65 732
75 733
65 734
65 735
77 736
65 737
47 738
65 739
53 740
65 741
65 742
9 743
65 744
65 745
65 746
51 747
65 748
65 749
65 750
65 751
65 752
65 753
65 754
65 755
61 756
75 757
89 758
65 759
65 760
46 761
11 762
65 763
65 764
65 765
17 766
65 767
65 768
73 769
31 770
65 771
65 772
75 773
65 774
65 775
65 776
31 777
65 778
65 779
65 780
35 781
65 782
31 783
65 784
65 785
65 786
65 787
65 788
51 789
65 790
65 791
65 792
65 793
65 794
65 795
65 796
65 797
65 798
65 799
65 800
65 801
65 802
65 803
65 804
50 805
40 806
65 807
34 808
92 809
5 810
65 811
65 812
48 813
65 814
65 815
41 816
65 817
65 818
65 819
65 820
47 821
65 822
65 823
48 824
65 825
61 826
65 827
65 828
65 829
65 830
29 831
65 832
41 833
65 834
65 835
65 836
65 837
60 838
65 839
65 840
65 841
65 842
93 843
65 844
65 845
32 846
86 847
61 848
65 849
65 850
5 851
65 852
65 853
65 854
65 855
65 856
65 857
65 858
65 859
65 860
65 861
65 862
65 863
65 864
65 865
4 866
65 867
65 868
65 869
65 870
65 871
47 872
65 873
65 874
65 875
65 876
47 877
27 878
65 879
65 880
65 881
65 882
65 883
75 884
21 885
27 886
65 887
84 888
65 889
65 890
65 891
27 892
65 893
52 894
65 895
65 896
65 897
88 898
16 899
65 900
65 901
65 902
65 903
65 904
65 905
37 906
34 907
65 908
65 909
65 910
65 911
65 912
81 913
65 914
65 915
65 916
65 917
65 918
65 919
65 920
65 921
65 922
65 923
65 924
65 925
65 926
65 927
1 928
65 929
47 930
65 931
65 932
65 933
65 934
65 935
65 936
65 937
65 938
27 939
65 940
89 941
65 942
79 943
65 944
65 945
65 946
65 947
65 948
65 949
65 950
51 951
65 952
51 953
65 954
65 955
65 956
65 957
65 958
65 959
65 960
65 961
65 962
56 963
86 964
86 965
54 966
52 967
20 968
65 969
65 970
73 971
65 972
75 973
0 974
79 975
65 976
65 977
65 978
65 979
31 980
89 981
65 982
86 983
65 984
65 985
65 986
65 987
65 988
65 989
65 990
65 991
8 992
27 993
65 994
65 995
65 996
65 997
65 998
65 999
65 1000
65 1001
65 1002
65 1003
65 1004
52 1005
65 1006
65 1007
65 1008
65 1009
81 1010
65 1011
65 1012
65 1013
8 1014
65 1015
65 1016
65 1017
65 1018
65 1019
65 1020
65 1021
65 1022
65 1023
65 1024
65 1025
65 1026
65 1027
65 1028
65 1029
65 1030
65 1031
65 1032
65 1033
65 1034
65 1035
17 1036
65 1037
65 1038
27 1039
65 1040
65 1041
47 1042
65 1043
95 1044
65 1045
65 1046
65 1047
74 1048
46 1049
80 1050
65 1051
51 1052
65 1053
65 1054
65 1055
65 1056
65 1057
65 1058
65 1059
65 1060
65 1061
65 1062
91 1063
65 1064
34 1065
65 1066
65 1067
65 1068
36 1069
65 1070
65 1071
65 1072
38 1073
65 1074
65 1075
89 1076
65 1077
65 1078
65 1079
65 1080
51 1081
48 1082
65 1083
65 1084
65 1085
65 1086
65 1087
65 1088
65 1089
65 1090
65 1091
65 1092
65 1093
47 1094
27 1095
65 1096
65 1097
52 1098
96 1099
65 1100
65 1101
55 1102
65 1103
65 1104
42 1105
75 1106
65 1107
52 1108
65 1109
8 1110
65 1111
65 1112
65 1113
65 1114
65 1115
65 1116
65 1117
65 1118
61 1119
65 1120
65 1121
10 1122
65 1123
65 1124
65 1125
65 1126
65 1127
65 1128
65 1129
65 1130
27 1131
20 1132
65 1133
65 1134
92 1135
81 1136
65 1137
65 1138
31 1139
65 1140
65 1141
65 1142
65 1143
86 1144
91 1145
65 1146
65 1147
30 1148
21 1149
65 1150
66 1151
65 1152
65 1153
65 1154
65 1155
65 1156
65 1157
65 1158
65 1159
65 1160
65 1161
65 1162
65 1163
65 1164
65 1165
51 1166
65 1167
65 1168
65 1169
65 1170
72 1171
52 1172
65 1173
65 1174
65 1175
65 1176
57 1177
65 1178
65 1179
65 1180
65 1181
81 1182
65 1183
65 1184
65 1185
65 1186
65 1187
65 1188
65 1189
65 1190
17 1191
48 1192
65 1193
65 1194
65 1195
65 1196
65 1197
31 1198
75 1199
65 1200
65 1201
65 1202
65 1203
30 1204
59 1205
51 1206
65 1207
44 1208
52 1209
65 1210
65 1211
65 1212
65 1213
65 1214
65 1215
74 1216
65 1217
61 1218
92 1219
65 1220
65 1221
65 1222
65 1223
65 1224
65 1225
65 1226
34 1227
65 1228
65 1229
65 1230
65 1231
0 1232
92 1233
65 1234
1 1235
65 1236
58 1237
65 1238
65 1239
65 1240
65 1241
29 1242
65 1243
65 1244
27 1245
9 1246
64 1247
65 1248
29 1249
75 1250
75 1251
65 1252
65 1253
47 1254
65 1255
65 1256
89 1257
65 1258
65 1259
31 1260
81 1261
65 1262
65 1263
65 1264
84 1265
65 1266
65 1267
46 1268
65 1269
65 1270
65 1271
65 1272
65 1273
65 1274
65 1275
58 1276
84 1277
65 1278
65 1279
65 1280
65 1281
65 1282
68 1283
65 1284
65 1285
31 1286
65 1287
65 1288
45 1289
65 1290
65 1291
65 1292
27 1293
30 1294
65 1295
65 1296
65 1297
65 1298
65 1299
65 1300
52 1301
65 1302
65 1303
65 1304
48 1305
90 1306
89 1307
65 1308
65 1309
8 1310
65 1311
65 1312
65 1313
65 1314
35 1315
65 1316
65 1317
65 1318
43 1319
65 1320
65 1321
34 1322
46 1323
65 1324
65 1325
65 1326
41 1327
65 1328
65 1329
8 1330
65 1331
8 1332
65 1333
94 1334
4 1335
76 1336
75 1337
65 1338
65 1339
74 1340
65 1341
65 1342
65 1343
65 1344
65 1345
65 1346
72 1347
93 1348
65 1349
65 1350
65 1351
65 1352
65 1353
55 1354
65 1355
65 1356
65 1357
75 1358
65 1359
65 1360
71 1361
65 1362
65 1363
65 1364
65 1365
65 1366
45 1367
65 1368
65 1369
76 1370
65 1371
51 1372
65 1373
65 1374
65 1375
65 1376
65 1377
65 1378
65 1379
65 1380
51 1381
65 1382
65 1383
40 1384
26 1385
65 1386
65 1387
65 1388
65 1389
92 1390
82 1391
65 1392
65 1393
93 1394
65 1395
65 1396
65 1397
65 1398
46 1399
65 1400
65 1401
65 1402
64 1403
91 1404
65 1405
65 1406
65 1407
65 1408
88 1409
65 1410
65 1411
65 1412
55 1413
6 1414
65 1415
51 1416
65 1417
65 1418
65 1419
51 1420
41 1421
65 1422
65 1423
27 1424
31 1425
65 1426
65 1427
50 1428
17 1429
48 1430
52 1431
48 1432
31 1433
65 1434
65 1435
75 1436
65 1437
65 1438
65 1439
52 1440
65 1441
65 1442
65 1443
65 1444
65 1445
65 1446
65 1447
65 1448
65 1449
65 1450
68 1451
27 1452
65 1453
65 1454
65 1455
65 1456
75 1457
65 1458
65 1459
65 1460
65 1461
65 1462
65 1463
65 1464
65 1465
65 1466
44 1467
65 1468
65 1469
52 1470
65 1471
92 1472
65 1473
65 1474
65 1475
65 1476
65 1477
65 1478
65 1479
75 1480
43 1481
65 1482
36 1483
65 1484
65 1485
65 1486
65 1487
25 1488
83 1489
14 1490
65 1491
89 1492
19 1493
65 1494
65 1495
65 1496
65 1497
65 1498
51 1499
65 1500
65 1501
65 1502
65 1503
65 1504
80 1505
65 1506
16 1507
65 1508
65 1509
65 1510
65 1511
19 1512
65 1513
78 1514
51 1515
65 1516
65 1517
65 1518
65 1519
65 1520
62 1521
65 1522
65 1523
65 1524
51 1525
34 1526
65 1527
27 1528
67 1529
65 1530
65 1531
65 1532
65 1533
31 1534
65 1535
65 1536
65 1537
65 1538
34 1539
65 1540
65 1541
65 1542
65 1543
65 1544
93 1545
65 1546
65 1547
65 1548
65 1549
65 1550
65 1551
65 1552
51 1553
65 1554
65 1555
65 1556
36 1557
65 1558
31 1559
65 1560
8 1561
65 1562
65 1563
65 1564
65 1565
65 1566
65 1567
65 1568
65 1569
74 1570
65 1571
65 1572
48 1573
81 1574
65 1575
65 1576
65 1577
65 1578
65 1579
65 1580
65 1581
31 1582
65 1583
65 1584
65 1585
82 1586
65 1587
65 1588
65 1589
65 1590
65 1591
65 1592
65 1593
65 1594
65 1595
65 1596
65 1597
65 1598
27 1599
65 1600
65 1601
70 1602
65 1603
65 1604
65 1605
65 1606
65 1607
65 1608
65 1609
65 1610
65 1611
65 1612
65 1613
8 1614
65 1615
65 1616
26 1617
65 1618
65 1619
46 1620
65 1621
65 1622
65 1623
17 1624
61 1625
65 1626
89 1627
65 1628
65 1629
92 1630
93 1631
65 1632
52 1633
65 1634
74 1635
65 1636
65 1637
65 1638
76 1639
58 1640
65 1641
65 1642
65 1643
65 1644
65 1645
52 1646
65 1647
31 1648
65 1649
65 1650
25 1651
52 1652
8 1653
65 1654
65 1655
65 1656
45 1657
65 1658
65 1659
65 1660
65 1661
42 1662
46 1663
65 1664
48 1665
65 1666
64 1667
65 1668
65 1669
26 1670
65 1671
31 1672
69 1673
65 1674
53 1675
65 1676
27 1677
65 1678
65 1679
15 1680
65 1681
65 1682
27 1683
85 1684
65 1685
41 1686
65 1687
65 1688
65 1689
65 1690
65 1691
48 1692
65 1693
65 1694
92 1695
92 1696
58 1697
65 1698
80 1699
65 1700
67 1701
65 1702
65 1703
65 1704
65 1705
65 1706
65 1707
65 1708
65 1709
65 1710
65 1711
87 1712
65 1713
65 1714
65 1715
65 1716
65 1717
65 1718
65 1719
65 1720
65 1721
65 1722
65 1723
65 1724
65 1725
65 1726
65 1727
8 1728
65 1729
94 1730
4 1731
65 1732
65 1733
1 1734
48 1735
65 1736
65 1737
48 1738
65 1739
65 1740
65 1741
65 1742
79 1743
65 1744
7 1745
65 1746
65 1747
65 1748
65 1749
65 1750
65 1751
65 1752
27 1753
31 1754
65 1755
65 1756
65 1757
65 1758
65 1759
27 1760
16 1761
10 1762
65 1763
65 1764
65 1765
65 1766
65 1767
15 1768
62 1769
65 1770
69 1771
65 1772
65 1773
65 1774
75 1775
65 1776
65 1777
65 1778
65 1779
8 1780
65 1781
65 1782
65 1783
65 1784
41 1785
65 1786
65 1787
65 1788
65 1789
14 1790
65 1791
65 1792
65 1793
95 1794
65 1795
65 1796
65 1797
65 1798
65 1799
65 1800
65 1801
17 1802
65 1803
65 1804
65 1805
80 1806
65 1807
65 1808
65 1809
62 1810
65 1811
65 1812
65 1813
65 1814
65 1815
65 1816
65 1817
65 1818
2 1819
65 1820
34 1821
65 1822
86 1823
58 1824
65 1825
47 1826
65 1827
65 1828
8 1829
79 1830
65 1831
65 1832
65 1833
65 1834
89 1835
65 1836
65 1837
65 1838
52 1839
65 1840
65 1841
65 1842
65 1843
65 1844
65 1845
65 1846
55 1847
65 1848
65 1849
65 1850
65 1851
65 1852
61 1853
65 1854
37 1855
65 1856
65 1857
65 1858
65 1859
65 1860
65 1861
65 1862
65 1863
65 1864
65 1865
65 1866
65 1867
65 1868
65 1869
65 1870
65 1871
65 1872
14 1873
27 1874
65 1875
65 1876
65 1877
65 1878
12 1879
65 1880
65 1881
65 1882
93 1883
65 1884
22 1885
65 1886
96 1887
65 1888
65 1889
65 1890
85 1891
47 1892
65 1893
65 1894
81 1895
65 1896
38 1897
65 1898
65 1899
65 1900
81 1901
65 1902
52 1903
65 1904
65 1905
65 1906
65 1907
65 1908
65 1909
94 1910
74 1911
49 1912
65 1913
65 1914
65 1915
88 1916
65 1917
65 1918
65 1919
65 1920
56 1921
65 1922
65 1923
65 1924
65 1925
65 1926
48 1927
47 1928
65 1929
65 1930
65 1931
65 1932
65 1933
65 1934
65 1935
65 1936
65 1937
65 1938
65 1939
65 1940
65 1941
65 1942
85 1943
58 1944
65 1945
65 1946
65 1947
83 1948
96 1949
65 1950
65 1951
65 1952
65 1953
92 1954
65 1955
42 1956
65 1957
65 1958
65 1959
65 1960
65 1961
27 1962
31 1963
65 1964
65 1965
65 1966
11 1967
65 1968
65 1969
30 1970
65 1971
65 1972
65 1973
65 1974
65 1975
65 1976
65 1977
65 1978
65 1979
27 1980
65 1981
92 1982
65 1983
65 1984
51 1985
65 1986
65 1987
65 1988
65 1989
65 1990
85 1991
23 1992
65 1993
79 1994
65 1995
65 1996
65 1997
65 1998
65 1999
65 2000
65 2001
65 2002
65 2003
65 2004
65 2005
65 2006
65 2007
81 2008
65 2009
65 2010
65 2011
65 2012
65 2013
65 2014
65 2015
5 2016
46 2017
65 2018
65 2019
65 2020
65 2021
65 2022
41 2023
65 2024
65 2025
65 2026
47 2027
89 2028
65 2029
65 2030
65 2031
63 2032
65 2033
65 2034
65 2035
65 2036
65 2037
71 2038
65 2039
65 2040
65 2041
65 2042
62 2043
71 2044
65 2045
34 2046
65 2047
65 2048
65 2049
17 2050
65 2051
43 2052
65 2053
14 2054
20 2055
14 2056
52 2057
65 2058
65 2059
65 2060
94 2061
65 2062
65 2063
65 2064
65 2065
20 2066
16 2067
35 2068
65 2069
65 2070
65 2071
65 2072
65 2073
65 2074
65 2075
1 2076
65 2077
65 2078
65 2079
81 2080
65 2081
65 2082
65 2083
65 2084
65 2085
51 2086
43 2087
65 2088
26 2089
65 2090
89 2091
65 2092
27 2093
65 2094
92 2095
65 2096
65 2097
65 2098
65 2099
65 2100
65 2101
65 2102
65 2103
65 2104
65 2105
39 2106
65 2107
65 2108
65 2109
65 2110
65 2111
65 2112
65 2113
65 2114
65 2115
65 2116
65 2117
95 2118
65 2119
65 2120
61 2121
65 2122
65 2123
65 2124
81 2125
27 2126
1 2127
65 2128
65 2129
89 2130
24 2131
65 2132
65 2133
65 2134
75 2135
49 2136
18 2137
65 2138
31 2139
92 2140
27 2141
79 2142
29 2143
65 2144
65 2145
65 2146
65 2147
65 2148
65 2149
65 2150
31 2151
65 2152
65 2153
65 2154
65 2155
65 2156
65 2157
65 2158
65 2159
79 2160
65 2161
89 2162
92 2163
65 2164
51 2165
42 2166
65 2167
65 2168
21 2169
51 2170
65 2171
65 2172
65 2173
65 2174
65 2175
65 2176
78 2177
27 2178
8 2179
92 2180
61 2181
34 2182
65 2183
75 2184
65 2185
65 2186
65 2187
65 2188
65 2189
65 2190
65 2191
65 2192
92 2193
65 2194
65 2195
65 2196
65 2197
65 2198
65 2199
65 2200
65 2201
65 2202
65 2203
65 2204
65 2205
51 2206
65 2207
31 2208
65 2209
79 2210
65 2211
65 2212
65 2213
46 2214
75 2215
65 2216
65 2217
75 2218
65 2219
34 2220
65 2221
65 2222
65 2223
65 2224
65 2225
65 2226
65 2227
31 2228
65 2229
27 2230
7 2231
65 2232
65 2233
65 2234
65 2235
89 2236
92 2237
65 2238
89 2239
65 2240
74 2241
65 2242
65 2243
58 2244
65 2245
63 2246
65 2247
65 2248
65 2249
31 2250
65 2251
72 2252
65 2253
65 2254
95 2255
65 2256
65 2257
65 2258
65 2259
65 2260
65 2261
65 2262
48 2263
90 2264
65 2265
65 2266
65 2267
43 2268
65 2269
65 2270
65 2271
65 2272
65 2273
75 2274
65 2275
65 2276
33 2277
65 2278
65 2279
65 2280
65 2281
65 2282
65 2283
24 2284
65 2285
65 2286
65 2287
65 2288
65 2289
24 2290
29 2291
51 2292
4 2293
65 2294
65 2295
62 2296
34 2297
3 2298
65 2299
65 2300
65 2301
65 2302
65 2303
65 2304
65 2305
65 2306
65 2307
65 2308
65 2309
65 2310
65 2311
65 2312
38 2313
52 2314
65 2315
65 2316
65 2317
65 2318
65 2319
52 2320
65 2321
65 2322
46 2323
65 2324
65 2325
65 2326
65 2327
65 2328
65 2329
65 2330
51 2331
65 2332
8 2333
65 2334
65 2335
65 2336
65 2337
88 2338
65 2339
65 2340
65 2341
65 2342
51 2343
65 2344
47 2345
65 2346
65 2347
65 2348
65 2349
65 2350
51 2351
65 2352
65 2353
51 2354
30 2355
65 2356
