317 460
21 246
295 97
289 234
287 257
32 305
210 246
317 460
533 176
326 81
381 279
446 81
506 211
75 556
85 288
20 534
484 65
200 184
389 410
56 556
511 246
381 465
23 210
17 477
533 183
23 308
279 184
314 246
322 2
511 210
81 301
45 98
21 246
212 491
208 132
249 500
533 123
314 246
404 301
77 410
507 301
520 106
193 399
410 20
87 399
446 518
198 288
317 460
314 246
20 279
56 25
186 500
386 399
317 460
511 246
421 301
186 500
463 399
518 301
150 323
200 184
92 106
314 246
484 65
326 518
321 142
210 246
554 477
21 246
56 556
