291 423
20 230
272 94
267 219
265 238
30 280
198 230
291 423
484 167
300 78
348 257
409 78
462 199
72 494
82 266
19 41
443 62
190 175
356 375
53 494
466 230
348 427
22 198
16 438
484 174
22 283
257 175
289 230
296 2
466 198
78 276
42 95
20 230
200 450
196 10
233 456
484 119
289 230
370 276
74 375
463 276
474 103
183 365
375 19
84 365
409 472
188 266
291 423
289 230
19 257
53 24
177 456
353 365
291 423
466 230
386 276
177 456
426 365
472 276
144 297
190 175
89 103
289 230
443 62
300 472
295 136
198 230
485 438
20 230
53 494
