314 457
21 245
292 97
286 233
284 256
32 302
210 245
314 457
528 176
323 81
378 276
443 81
501 211
75 538
85 285
20 529
479 65
200 184
386 407
56 538
506 245
378 462
23 210
17 473
528 183
23 305
276 184
311 245
319 2
506 210
81 298
45 98
21 245
212 486
208 132
248 495
528 123
311 245
401 298
77 407
502 298
515 106
193 396
407 20
87 396
443 513
198 285
314 457
311 245
20 276
56 25
186 495
383 396
314 457
506 245
418 298
186 495
460 396
513 298
150 320
200 184
92 106
311 245
479 65
323 513
318 142
210 245
549 473
21 245
56 538
