306 445
21 241
285 97
280 230
278 251
32 294
208 241
306 445
514 174
315 81
367 270
431 81
487 209
75 524
85 279
20 515
467 65
198 182
376 396
56 524
492 241
367 450
23 208
17 461
514 181
23 297
270 182
303 241
311 2
492 208
81 290
45 98
21 241
210 474
206 11
244 481
514 123
303 241
391 290
77 396
488 290
501 106
191 386
396 20
87 386
431 499
196 279
306 445
303 241
20 270
56 25
184 481
373 386
306 445
492 241
407 290
184 481
448 386
499 290
148 312
198 182
92 106
303 241
467 65
315 499
310 140
208 241
534 461
21 241
56 524
