298 434
21 234
277 95
272 223
270 243
31 286
201 234
298 434
501 170
307 79
357 262
420 79
475 202
73 511
83 271
20 502
455 63
193 178
366 386
54 511
480 234
357 439
23 201
17 450
501 177
23 289
262 178
295 234
303 2
480 201
79 282
43 96
21 234
203 462
199 11
237 469
501 120
295 234
381 282
75 386
476 282
488 104
186 376
386 20
85 376
420 486
191 271
298 434
295 234
20 262
54 25
180 469
363 376
298 434
480 234
397 282
180 469
437 376
486 282
145 304
193 178
90 104
295 234
455 63
307 486
302 137
201 234
520 450
21 234
54 511
