284 412
19 224
266 91
261 213
259 232
29 273
193 224
284 412
472 163
293 75
340 251
398 75
450 194
69 481
79 260
18 40
432 60
185 170
347 365
52 481
454 224
340 416
21 193
15 427
472 169
21 276
251 170
282 224
289 2
454 193
75 269
41 92
19 224
195 439
191 10
227 444
472 116
282 224
360 269
71 365
451 269
462 100
178 356
365 18
81 356
398 460
183 260
284 412
282 224
18 251
52 23
172 444
344 356
284 412
454 224
376 269
172 444
415 356
460 269
140 290
185 170
86 100
282 224
432 60
293 460
288 132
193 224
473 427
19 224
52 481
